387.12	0.0227311
389.13	0.0248885
391.13	0.0187969
393.13	0.0293327
395.14	0.0242679
397.14	0.034694
399.15	0.0311742
401.16	0.0292203
403.17	0.0297808
405.17	0.0305558
407.18	0.0341111
409.19	0.0340376
411.21	0.0343627
413.22	0.033632
415.23	0.0342343
417.25	0.033489
419.26	0.0343502
421.28	0.0337244
423.29	0.0351165
425.31	0.0353075
427.33	0.0350035
429.35	0.0330745
431.37	0.0363079
433.39	0.0333883
435.41	0.0352282
437.43	0.0344789
439.46	0.0361247
441.48	0.0353441
443.51	0.0350969
445.53	0.036003
447.56	0.036736
449.59	0.0368653
451.62	0.0357916
453.64	0.0367699
455.68	0.0366897
457.71	0.0359222
459.74	0.0358253
461.77	0.036624
463.8	0.0363807
465.84	0.0369742
467.87	0.0371066
469.91	0.0373968
471.95	0.0370732
473.98	0.0370273
476.02	0.0369756
478.06	0.0368196
480.1	0.0371836
482.14	0.0367488
484.19	0.0357941
486.23	0.0380176
488.27	0.0378106
490.32	0.0367119
492.36	0.0377613
494.41	0.0380289
496.46	0.0381164
498.5	0.038234
500.55	0.0391976
502.6	0.0398733
504.65	0.0401336
506.7	0.0396257
508.76	0.0405893
510.81	0.0400304
512.86	0.0404068
514.92	0.0400248
516.97	0.0400329
519.03	0.0423555
521.09	0.0421937
523.15	0.0432895
525.21	0.0424346
527.26	0.044821
529.33	0.0447639
531.39	0.0438279
533.45	0.0453329
535.51	0.0448553
537.58	0.0452522
539.64	0.0454413
541.71	0.0456342
543.77	0.0456233
545.84	0.0457673
547.91	0.0466457
549.98	0.0470449
552.05	0.0466559
554.12	0.0472479
556.19	0.0471698
558.26	0.0471323
560.34	0.0476201
562.41	0.0476158
564.49	0.0475903
566.56	0.0467918
568.64	0.0469256
570.72	0.047501
572.79	0.0467484
574.87	0.0465926
576.95	0.0462003
579.04	0.0465113
581.12	0.0467561
583.2	0.0455804
585.28	0.0455027
587.37	0.0438091
589.45	0.0459058
591.54	0.0452284
593.63	0.0447276
595.71	0.0444311
597.8	0.0438591
599.89	0.0429247
601.98	0.0431221
604.07	0.042013
606.16	0.0418449
608.26	0.0416603
610.35	0.0410752
612.45	0.0414782
614.54	0.040901
616.64	0.041162
618.73	0.0407748
620.83	0.0400773
622.93	0.0398089
625.03	0.0396408
627.13	0.0386509
629.23	0.0392297
631.33	0.038771
633.44	0.038736
635.54	0.0386616
637.65	0.0382485
639.75	0.0380325
641.86	0.0378576
643.96	0.0371576
646.07	0.0370503
648.18	0.0369956
650.29	0.0370217
652.4	0.0362392
654.51	0.0344569
656.63	0.036941
658.74	0.0355332
660.85	0.0342282
662.97	0.0326421
665.08	0.0322304
667.2	0.0312428
669.32	0.0305448
671.44	0.0308245
673.55	0.030408
675.67	0.0302607
677.8	0.0298864
679.92	0.0303501
682.04	0.0299222
684.16	0.0296231
686.29	0.0306453
688.41	0.0359792
690.54	0.0361743
692.66	0.036693
694.79	0.0385281
696.92	0.0392679
699.05	0.040202
701.18	0.042064
703.31	0.0428561
705.44	0.042772
707.57	0.0431993
709.71	0.0430916
711.84	0.0424468
713.98	0.0399542
716.11	0.0365673
718.25	0.0412826
720.39	0.0440415
722.53	0.0384591
724.67	0.0379683
726.81	0.0375352
728.95	0.0359385
731.09	0.0346562
733.23	0.0322218
735.38	0.0304121
737.52	0.0292271
739.66	0.0287224
741.81	0.0286927
743.96	0.0279567
746.11	0.0284075
748.25	0.0279956
750.4	0.0287421
752.55	0.0277745
754.71	0.0262838
756.86	0.024639
759.01	0.0217424
761.16	0.035758
763.32	0.0373955
765.47	0.0353741
767.63	0.0292694
769.79	0.0277988
771.95	0.0275969
774.1	0.0272887
776.26	0.0273071
778.42	0.0273352
780.59	0.0277172
782.75	0.0273784
784.91	0.028607
787.08	0.0289151
789.24	0.0292768
791.41	0.0298321
793.57	0.030328
795.74	0.0308223
797.91	0.0300719
800.08	0.0306519
802.25	0.0321332
804.42	0.0324348
806.59	0.0308673
808.76	0.0307752
810.93	0.0302241
813.11	0.0287327
815.28	0.0301992
817.46	0.0316167
819.64	0.0298904
821.81	0.0292997
823.99	0.0294969
826.17	0.0269566
828.35	0.0255299
830.53	0.0251997
832.71	0.023965
834.89	0.0231293
837.08	0.0230107
839.26	0.0218651
841.45	0.0220801
843.63	0.0215371
845.82	0.0213301
848.01	0.0221773
850.2	0.0215933
852.39	0.0206216
854.58	0.0238531
856.77	0.0216647
858.96	0.021858
861.15	0.0196619
863.34	0.0203911
865.54	0.0202058
867.73	0.0206365
869.93	0.0200537
872.13	0.0199186
874.32	0.0205657
876.52	0.0208243
878.72	0.0196658
880.92	0.0201419
883.12	0.0191549
885.33	0.0203985
887.53	0.0191322
889.73	0.019904
891.94	0.0188689
894.14	0.0174064
896.35	0.0181175
898.56	0.0209306
900.76	0.0206265
902.97	0.0214584
905.18	0.0194517
907.39	0.0169267
909.6	0.0179495
911.82	0.0205064
914.03	0.0203045
916.24	0.0204145
918.46	0.0189533
920.67	0.0175788
922.89	0.0183369
925.11	0.0157285
927.32	0.0139172
929.54	0.0132553
931.76	0.0169165
933.98	0.0176171
936.21	0.0385735
938.43	0.0443491
940.65	0.0287099
942.87	0.0258096
945.1	0.0146556
947.33	0.0336947
949.55	0.0315671
951.78	0.0341247
954.01	0.0304183
956.24	0.0261165
958.47	0.0269725
960.7	0.0400757
962.93	0.0392612
965.16	0.0316693
967.39	0.0524744
969.63	0.050627
971.86	0.0225483
974.1	0.0398903
976.34	0.0339903
978.57	0.0609302
980.81	0.0547033
983.05	0.0589996
985.29	0.0343056
987.53	0.0500478
989.77	0.0486787
992.02	0.76271
994.26	0.112265
996.5	2.88055
998.75	-5.11806
1001	-2.5576
1003.24	0.864394
1005.49	-35988.1
1007.74	1.49657e+10
1009.99	6.58663e+13
1012.24	2.61088e+18
1014.49	1.93434e+23
1016.74	1.94656e+29
1018.99	-1.23028e+31
1021.25	-1.3215e+28
1023.5	-1.79019e+27
