387.12	0.021348
389.13	0.0227023
391.13	0.0182024
393.13	0.0277205
395.14	0.022203
397.14	0.0347518
399.15	0.0279645
401.16	0.0273351
403.17	0.0269511
405.17	0.0273736
407.18	0.0314143
409.19	0.0309981
411.21	0.0313345
413.22	0.0306726
415.23	0.0305772
417.25	0.0306755
419.26	0.0313916
421.28	0.030085
423.29	0.0318511
425.31	0.0313876
427.33	0.0309592
429.35	0.0299299
431.37	0.0327405
433.39	0.0305168
435.41	0.032253
437.43	0.0311911
439.46	0.032407
441.48	0.0318845
443.51	0.0318064
445.53	0.0329494
447.56	0.0333182
449.59	0.0329958
451.62	0.0320815
453.64	0.033074
455.68	0.0330442
457.71	0.0325722
459.74	0.0327172
461.77	0.0328968
463.8	0.0332029
465.84	0.0334735
467.87	0.0336284
469.91	0.0338626
471.95	0.0340851
473.98	0.033659
476.02	0.0335023
478.06	0.0340905
480.1	0.0335203
482.14	0.0330565
484.19	0.0322974
486.23	0.0347932
488.27	0.0348943
490.32	0.0337881
492.36	0.0347325
494.41	0.0350014
496.46	0.0347743
498.5	0.0355117
500.55	0.0353267
502.6	0.0363068
504.65	0.0368742
506.7	0.0363036
508.76	0.0368336
510.81	0.0369736
512.86	0.0368227
514.92	0.036286
516.97	0.0373215
519.03	0.0389979
521.09	0.0389763
523.15	0.0392722
525.21	0.0388881
527.26	0.0412123
529.33	0.0404025
531.39	0.0403017
533.45	0.041572
535.51	0.041548
537.58	0.0411984
539.64	0.0413862
541.71	0.041712
543.77	0.0419541
545.84	0.0424119
547.91	0.0432513
549.98	0.0439327
552.05	0.0439405
554.12	0.0443346
556.19	0.0442652
558.26	0.0445061
560.34	0.0450459
562.41	0.0452977
564.49	0.0449741
566.56	0.0458033
568.64	0.0451323
570.72	0.0455341
572.79	0.0450115
574.87	0.0448535
576.95	0.0447731
579.04	0.0453025
581.12	0.0451976
583.2	0.0441085
585.28	0.0437641
587.37	0.0418179
589.45	0.0444864
591.54	0.0440581
593.63	0.0432241
595.71	0.043013
597.8	0.0421864
599.89	0.0420518
601.98	0.0417772
604.07	0.0412415
606.16	0.0406072
608.26	0.0403156
610.35	0.0402071
612.45	0.0399759
614.54	0.0397523
616.64	0.0395428
618.73	0.0397657
620.83	0.0388855
622.93	0.0389512
625.03	0.0383605
627.13	0.0380439
629.23	0.0378488
631.33	0.0384049
633.44	0.038469
635.54	0.0380818
637.65	0.0379778
639.75	0.0380138
641.86	0.0380784
643.96	0.0375185
646.07	0.037942
648.18	0.0378886
650.29	0.0378658
652.4	0.0367357
654.51	0.0344847
656.63	0.0379805
658.74	0.035933
660.85	0.033951
662.97	0.032635
665.08	0.0316988
667.2	0.030718
669.32	0.0300002
671.44	0.0302926
673.55	0.029819
675.67	0.0296984
677.8	0.0295439
679.92	0.0300772
682.04	0.0301372
684.16	0.0296919
686.29	0.0303841
688.41	0.03638
690.54	0.0365594
692.66	0.0375301
694.79	0.0408029
696.92	0.0411343
699.05	0.0427685
701.18	0.0454516
703.31	0.0466869
705.44	0.0466991
707.57	0.0469418
709.71	0.0471209
711.84	0.0465347
713.98	0.0436145
716.11	0.0400119
718.25	0.0455564
720.39	0.0485379
722.53	0.0417205
724.67	0.0419398
726.81	0.0408314
728.95	0.0382106
731.09	0.0368103
733.23	0.0334119
735.38	0.031258
737.52	0.0300171
739.66	0.0296886
741.81	0.0295711
743.96	0.0282076
746.11	0.0282927
748.25	0.0288213
750.4	0.0285023
752.55	0.0280158
754.71	0.0270023
756.86	0.0248677
759.01	0.0202585
761.16	0.0359247
763.32	0.0382228
765.47	0.0360448
767.63	0.0303992
769.79	0.0289032
771.95	0.0273905
774.1	0.0277651
776.26	0.0283581
778.42	0.0286845
780.59	0.0291244
782.75	0.0296015
784.91	0.0293556
787.08	0.030363
789.24	0.0303894
791.41	0.0317535
793.57	0.0326709
795.74	0.0330324
797.91	0.0321279
800.08	0.0324319
802.25	0.0339651
804.42	0.0340096
806.59	0.034574
808.76	0.0330379
810.93	0.0321179
813.11	0.030413
815.28	0.0318228
817.46	0.0331635
819.64	0.0328012
821.81	0.0316312
823.99	0.0306131
826.17	0.0266619
828.35	0.0248028
830.53	0.0237307
832.71	0.0228987
834.89	0.0223747
837.08	0.0227954
839.26	0.0207997
841.45	0.0211472
843.63	0.0207688
845.82	0.0204978
848.01	0.0192958
850.2	0.0197766
852.39	0.0189245
854.58	0.0206754
856.77	0.0201663
858.96	0.0194155
861.15	0.0189039
863.34	0.0180629
865.54	0.0183865
867.73	0.0195642
869.93	0.0189506
872.13	0.0176196
874.32	0.0177842
876.52	0.0168634
878.72	0.0187461
880.92	0.0170769
883.12	0.0165364
885.33	0.0181574
887.53	0.0163266
889.73	0.0168309
891.94	0.0143106
894.14	0.0151624
896.35	0.0165789
898.56	0.0160609
900.76	0.0179075
902.97	0.0176697
905.18	0.0150542
907.39	0.0153589
909.6	0.0162477
911.82	0.0146949
914.03	0.0168476
916.24	0.0159008
918.46	0.0156713
920.67	0.018728
922.89	0.0149253
925.11	0.0151027
927.32	0.0126792
929.54	0.00994941
931.76	0.0121298
933.98	0.0197435
936.21	0.0297782
938.43	0.0347386
940.65	0.0269073
942.87	0.0144046
945.1	0.0295123
947.33	0.0306142
949.55	0.0202598
951.78	0.0208048
954.01	0.0399952
956.24	0.0285472
958.47	0.034984
960.7	0.0303648
962.93	0.0376225
965.16	0.035108
967.39	0.0491952
969.63	0.0416913
971.86	0.0259905
974.1	0.0235675
976.34	0.0253676
978.57	0.0362903
980.81	0.0684445
983.05	0.050898
985.29	0.0571524
987.53	0.0355601
989.77	0.0475758
992.02	0.0724271
994.26	0.324472
996.5	-0.775276
998.75	284.181
1001	8.6145e+06
1003.24	5.28103e+11
1005.49	4.27851e+16
1007.74	-2.01839e+22
1009.99	-7.75152e+25
1012.24	-3.45857e+30
1014.49	-1.38346e+35
1016.74	inf
1018.99	inf
1021.25	inf
1023.5	-inf
