387.12	0.0265948
389.13	0.0278663
391.13	0.0237298
393.13	0.0363099
395.14	0.0292957
397.14	0.043425
399.15	0.0353502
401.16	0.0338377
403.17	0.0340229
405.17	0.0348553
407.18	0.0385828
409.19	0.0376275
411.21	0.0390205
413.22	0.037625
415.23	0.0383198
417.25	0.0380706
419.26	0.0397479
421.28	0.0384119
423.29	0.0401313
425.31	0.0394722
427.33	0.039165
429.35	0.0374134
431.37	0.0420192
433.39	0.0385639
435.41	0.0412356
437.43	0.0396849
439.46	0.041944
441.48	0.0413736
443.51	0.0408998
445.53	0.041698
447.56	0.0427192
449.59	0.0430639
451.62	0.0414228
453.64	0.0423554
455.68	0.0431445
457.71	0.0424875
459.74	0.0428236
461.77	0.0424614
463.8	0.0428664
465.84	0.0436673
467.87	0.0437199
469.91	0.0437976
471.95	0.044227
473.98	0.0440667
476.02	0.0440731
478.06	0.0441612
480.1	0.0445576
482.14	0.0436617
484.19	0.042782
486.23	0.0450036
488.27	0.0458666
490.32	0.0448353
492.36	0.0456153
494.41	0.0459125
496.46	0.0457667
498.5	0.0462456
500.55	0.0465339
502.6	0.0473969
504.65	0.0482084
506.7	0.0468202
508.76	0.0476215
510.81	0.0474016
512.86	0.0475409
514.92	0.0472584
516.97	0.0478046
519.03	0.0500616
521.09	0.0490465
523.15	0.04997
525.21	0.0488224
527.26	0.0515589
529.33	0.0510608
531.39	0.0501417
533.45	0.0513977
535.51	0.0511398
537.58	0.0510008
539.64	0.0510001
541.71	0.0512179
543.77	0.0519297
545.84	0.0517814
547.91	0.053317
549.98	0.0534728
552.05	0.0534861
554.12	0.0534684
556.19	0.0532063
558.26	0.0538127
560.34	0.0541769
562.41	0.0543813
564.49	0.0537844
566.56	0.05486
568.64	0.0546448
570.72	0.0553431
572.79	0.0547762
574.87	0.0546085
576.95	0.0546782
579.04	0.0554869
581.12	0.0551755
583.2	0.0542651
585.28	0.0535544
587.37	0.0516385
589.45	0.0553686
591.54	0.0552784
593.63	0.0542949
595.71	0.0542396
597.8	0.053994
599.89	0.0532144
601.98	0.0531119
604.07	0.0526306
606.16	0.0522338
608.26	0.0522189
610.35	0.0521424
612.45	0.0515979
614.54	0.0515778
616.64	0.0522943
618.73	0.051843
620.83	0.050691
622.93	0.050907
625.03	0.0505508
627.13	0.05047
629.23	0.050732
631.33	0.0505041
633.44	0.0506538
635.54	0.0501986
637.65	0.0497758
639.75	0.049738
641.86	0.050332
643.96	0.0494599
646.07	0.0487861
648.18	0.0495546
650.29	0.0500816
652.4	0.048939
654.51	0.0461159
656.63	0.0503482
658.74	0.0484501
660.85	0.0464323
662.97	0.044842
665.08	0.0442451
667.2	0.0438479
669.32	0.0425684
671.44	0.0429417
673.55	0.0429219
675.67	0.0429514
677.8	0.0436676
679.92	0.0435966
682.04	0.0437912
684.16	0.0427278
686.29	0.0433857
688.41	0.0496228
690.54	0.0490103
692.66	0.0491492
694.79	0.0520121
696.92	0.0508693
699.05	0.0508277
701.18	0.0529575
703.31	0.0536077
705.44	0.052462
707.57	0.0522195
709.71	0.0513361
711.84	0.0501103
713.98	0.0471682
716.11	0.0440954
718.25	0.0501774
720.39	0.054537
722.53	0.0457554
724.67	0.0469837
726.81	0.0471962
728.95	0.0453615
731.09	0.0454462
733.23	0.041594
735.38	0.0386824
737.52	0.0380146
739.66	0.0382381
741.81	0.03787
743.96	0.0369224
746.11	0.0364612
748.25	0.0362271
750.4	0.0364149
752.55	0.0362999
754.71	0.0349787
756.86	0.0325779
759.01	0.0279076
761.16	0.0454872
763.32	0.0500805
765.47	0.0460673
767.63	0.0395212
769.79	0.0372306
771.95	0.0365574
774.1	0.0368297
776.26	0.0366445
778.42	0.0364855
780.59	0.0371385
782.75	0.0369422
784.91	0.0373826
787.08	0.0379039
789.24	0.0382697
791.41	0.038719
793.57	0.0395325
795.74	0.0399509
797.91	0.0393958
800.08	0.0394976
802.25	0.0407439
804.42	0.0404995
806.59	0.0400097
808.76	0.0388277
810.93	0.0379347
813.11	0.0373202
815.28	0.0389631
817.46	0.0405701
819.64	0.039638
821.81	0.0390263
823.99	0.038427
826.17	0.0352353
828.35	0.0338492
830.53	0.0340933
832.71	0.0330451
834.89	0.032425
837.08	0.0320871
839.26	0.0303798
841.45	0.030911
843.63	0.0312643
845.82	0.0303685
848.01	0.0300266
850.2	0.0298871
852.39	0.0301304
854.58	0.0311051
856.77	0.0306812
858.96	0.0298141
861.15	0.0285392
863.34	0.0283648
865.54	0.0288155
867.73	0.0290525
869.93	0.0289353
872.13	0.0282981
874.32	0.0281017
876.52	0.0281156
878.72	0.0272086
880.92	0.0269214
883.12	0.0268183
885.33	0.0268536
887.53	0.0268183
889.73	0.0256814
891.94	0.0244044
894.14	0.0235386
896.35	0.0243339
898.56	0.0250191
900.76	0.0280466
902.97	0.0296169
905.18	0.0246835
907.39	0.023296
909.6	0.0270604
911.82	0.0263086
914.03	0.0276682
916.24	0.0280938
918.46	0.028546
920.67	0.0255813
922.89	0.02553
925.11	0.0220582
927.32	0.0209572
929.54	0.0169915
931.76	0.0211016
933.98	0.0256025
936.21	0.0416614
938.43	0.0636248
940.65	0.0356235
942.87	0.0286182
945.1	0.0290829
947.33	0.0355956
949.55	0.0356919
951.78	0.0359242
954.01	0.0445912
956.24	0.051184
958.47	0.0327496
960.7	0.045019
962.93	0.0470277
965.16	0.0466458
967.39	0.0482445
969.63	0.0417584
971.86	0.0369203
974.1	0.0246671
976.34	0.0375168
978.57	0.0384672
980.81	0.0365642
983.05	0.0421706
985.29	0.0365836
987.53	0.0425876
989.77	0.0457781
992.02	0.049199
994.26	0.0367117
996.5	0.0621354
998.75	0.12015
1001	0.0764766
1003.24	0.134062
1005.49	0.128924
1007.74	-108.315
1009.99	0.351547
1012.24	11.7773
1014.49	-11.8087
1016.74	2480.36
1018.99	-167694
1021.25	-128.371
1023.5	-20.4721
