387.12	0.0257797
389.13	0.0277271
391.13	0.0222188
393.13	0.0334183
395.14	0.0259138
397.14	0.0376563
399.15	0.0326195
401.16	0.0316118
403.17	0.0306625
405.17	0.0322283
407.18	0.0362925
409.19	0.0360973
411.21	0.0368912
413.22	0.0360512
415.23	0.0366665
417.25	0.0361683
419.26	0.0378491
421.28	0.0372475
423.29	0.0390349
425.31	0.0384754
427.33	0.0385629
429.35	0.0365309
431.37	0.0412392
433.39	0.0380951
435.41	0.0406541
437.43	0.0388111
439.46	0.0417222
441.48	0.0406875
443.51	0.0409108
445.53	0.0421681
447.56	0.0422815
449.59	0.0427023
451.62	0.0412596
453.64	0.0429758
455.68	0.0431367
457.71	0.0421964
459.74	0.0424445
461.77	0.0430085
463.8	0.0432288
465.84	0.0439546
467.87	0.0446421
469.91	0.0442692
471.95	0.0449493
473.98	0.0447766
476.02	0.0448826
478.06	0.0447991
480.1	0.0448461
482.14	0.0444639
484.19	0.043835
486.23	0.0465907
488.27	0.0465606
490.32	0.0459557
492.36	0.0467463
494.41	0.047409
496.46	0.0473061
498.5	0.0478127
500.55	0.0482006
502.6	0.0489142
504.65	0.0496247
506.7	0.048644
508.76	0.0497996
510.81	0.0491092
512.86	0.0489813
514.92	0.0483087
516.97	0.0497145
519.03	0.0518986
521.09	0.0511375
523.15	0.0520278
525.21	0.0504808
527.26	0.053178
529.33	0.0530537
531.39	0.0522534
533.45	0.0538028
535.51	0.0523424
537.58	0.0531414
539.64	0.0532302
541.71	0.0534843
543.77	0.0531186
545.84	0.0532029
547.91	0.0549885
549.98	0.0546416
552.05	0.0550939
554.12	0.0552249
556.19	0.054813
558.26	0.0556546
560.34	0.0565317
562.41	0.0569388
564.49	0.0563362
566.56	0.0571984
568.64	0.0571519
570.72	0.0577106
572.79	0.0568257
574.87	0.0575916
576.95	0.057366
579.04	0.0567625
581.12	0.057241
583.2	0.0560699
585.28	0.0552976
587.37	0.0533375
589.45	0.057318
591.54	0.0569527
593.63	0.0559923
595.71	0.0560752
597.8	0.0546938
599.89	0.0549433
601.98	0.0548537
604.07	0.0536353
606.16	0.0537241
608.26	0.0533816
610.35	0.0532285
612.45	0.053338
614.54	0.0530259
616.64	0.0536481
618.73	0.0531427
620.83	0.052488
622.93	0.0520599
625.03	0.0523598
627.13	0.0517846
629.23	0.0521925
631.33	0.0516116
633.44	0.0516821
635.54	0.0514162
637.65	0.0513182
639.75	0.0508532
641.86	0.0511232
643.96	0.050771
646.07	0.0507501
648.18	0.0510804
650.29	0.0515186
652.4	0.0495514
654.51	0.0473964
656.63	0.0511886
658.74	0.0488567
660.85	0.0467433
662.97	0.0457217
665.08	0.0453332
667.2	0.044845
669.32	0.0438839
671.44	0.0434547
673.55	0.0435572
675.67	0.0438453
677.8	0.0440681
679.92	0.044577
682.04	0.0442128
684.16	0.0435539
686.29	0.043846
688.41	0.0506
690.54	0.0501678
692.66	0.0492719
694.79	0.0522047
696.92	0.0512379
699.05	0.0511795
701.18	0.0536542
703.31	0.0531349
705.44	0.0526267
707.57	0.0517813
709.71	0.0502429
711.84	0.049292
713.98	0.0463201
716.11	0.0433555
718.25	0.0494935
720.39	0.0516143
722.53	0.0445129
724.67	0.04509
726.81	0.0443118
728.95	0.0428564
731.09	0.0414246
733.23	0.0383335
735.38	0.0360292
737.52	0.0345768
739.66	0.0348563
741.81	0.0345898
743.96	0.033271
746.11	0.0335733
748.25	0.0333098
750.4	0.0338287
752.55	0.0333754
754.71	0.0315508
756.86	0.0301204
759.01	0.0252634
761.16	0.041932
763.32	0.0454902
765.47	0.0420596
767.63	0.0361195
769.79	0.0335747
771.95	0.0332803
774.1	0.0327203
776.26	0.0331535
778.42	0.0337197
780.59	0.0335694
782.75	0.0340032
784.91	0.0344512
787.08	0.0339382
789.24	0.0346379
791.41	0.0358107
793.57	0.0355953
795.74	0.0354488
797.91	0.0364358
800.08	0.0369621
802.25	0.0364187
804.42	0.0379247
806.59	0.0370289
808.76	0.0360224
810.93	0.0346451
813.11	0.0343214
815.28	0.0369348
817.46	0.0379095
819.64	0.0370975
821.81	0.0353594
823.99	0.0351522
826.17	0.0323616
828.35	0.030682
830.53	0.0313584
832.71	0.0302375
834.89	0.0296821
837.08	0.0281634
839.26	0.0289572
841.45	0.028425
843.63	0.0280091
845.82	0.0277894
848.01	0.0266289
850.2	0.028004
852.39	0.0276362
854.58	0.0287668
856.77	0.0271206
858.96	0.0266055
861.15	0.027074
863.34	0.0262995
865.54	0.0248593
867.73	0.02674
869.93	0.02699
872.13	0.0256352
874.32	0.0260065
876.52	0.0258478
878.72	0.0271795
880.92	0.0254624
883.12	0.0254979
885.33	0.025527
887.53	0.0257024
889.73	0.0260269
891.94	0.023808
894.14	0.0231171
896.35	0.0241809
898.56	0.0230446
900.76	0.0293046
902.97	0.0283325
905.18	0.0250441
907.39	0.0226025
909.6	0.0238185
911.82	0.0242411
914.03	0.0272749
916.24	0.0289165
918.46	0.0265356
920.67	0.0248028
922.89	0.024111
925.11	0.0228264
927.32	0.0205666
929.54	0.0182322
931.76	0.0186671
933.98	0.0251176
936.21	0.0537006
938.43	0.0633955
940.65	0.0358313
942.87	0.0335425
945.1	0.0286822
947.33	0.0389589
949.55	0.0399937
951.78	0.0470952
954.01	0.0514938
956.24	0.0349007
958.47	0.0275762
960.7	0.0406471
962.93	0.0470104
965.16	0.0508173
967.39	0.040471
969.63	0.0381824
971.86	0.0308595
974.1	0.028913
976.34	0.0388223
978.57	0.0416943
980.81	0.0406185
983.05	0.0555991
985.29	0.02966
987.53	0.0378544
989.77	0.0431937
992.02	0.0533473
994.26	0.0366879
996.5	0.0496507
998.75	0.107159
1001	0.0725554
1003.24	0.117132
1005.49	0.111777
1007.74	-137.169
1009.99	0.344309
1012.24	11.2722
1014.49	-11.5236
1016.74	1765.55
1018.99	-149934
1021.25	-111.254
1023.5	-22.7274
